W 9 0 0 18 5 1
W -9 0 0 18 5 1
W 0 0 9 18 5 0
W 0 0 -9 18 5 0
W 6 0 4 3 5 0
W -5 0 -2 3 5 0
W 3 0 -3 3 5 1
W 2 0 -5 2 5 1
W -8 0 3 3 5 1
W -2 0 3 3 5 0
W -8 0 -3 3 5 0
W -2 0 7 3 5 0
W 1 0 7 3 5 1
W -5 0 -1 2 5 1
W -2 0 4 2 5 0
W 1 0 3 3 5 0
W 5 0 -2 4 5 0
W 4 0 3 2 5 0
W -4 0 4 3 5 1
W -2 0 -2 2 5 0
W 1 0 3 4 5 1
W -3 0 -6 3 5 1
W 2 0 5 2 5 1
W -6 0 7 4 5 1
W 7 0 6 2 5 1
W 2 0 -5 3 5 1
W 7 0 4 4 5 0
W -3 0 4 3 5 1
W 6 0 -4 4 5 0
W 0 0 1 3 5 1
W -5 0 1 3 5 1
W 3 0 5 3 5 0
W 1 0 -4 3 5 1
W 4 0 -8 3 5 1
W 0 0 -3 2 5 0
W -1 0 -3 4 5 0
W 7 0 5 4 5 1
W 1 0 -2 2 5 1
W -3 0 4 3 5 0
W 6 0 1 2 5 0
W -2 0 0 2 5 0
W 5 0 7 2 5 1
W -5 0 -7 4 5 1
W -5 0 -3 2 5 0
W -7 0 6 3 5 0
W -5 0 -5 4 5 0
W 4 0 -4 3 5 0
W -6 0 3 2 5 1
W -4 0 5 2 5 0
W -8 0 1 2 5 1
W 1 0 2 3 5 1
W 2 0 2 2 5 0
W -6 0 -2 4 5 1
W -5 0 4 3 5 0
W 4 0 1 3 5 0
W 7 0 -1 3 5 1
W -2 0 -1 3 5 1
W 6 0 3 2 5 1
W -3 0 4 2 5 1
W 1 0 -7 3 5 0
W 6 0 4 3 5 0
W -2 0 5 3 5 1
W 3 0 7 2 5 0
W -2 0 -7 3 5 0
R 0 0 -4
/R -7 0 -7
R 7 0 -7
R 4 0 0
R -3 0 1