W 9 0 0 18 5 1
W -9 0 0 18 5 1
W 0 0 9 18 5 0
W 0 0 -9 18 5 0
W -4 0 -8 2 5 0
W 5 0 -2 5 5 0
W -1 0 5 3 5 1
W 5 0 -6 5 5 1
W -7 0 7 6 5 1
W -1 0 -3 5 5 1
W -3 0 -6 6 5 0
W -4 0 3 2 5 1
W -5 0 -3 2 5 0
W -4 0 -5 2 5 0
W 3 0 -8 3 5 0
W 5 0 2 2 5 0
W 6 0 4 3 5 1
W -4 0 4 4 5 0
W -1 0 4 6 5 1
W 6 0 -4 3 5 1
W -2 0 -5 2 5 0
W 5 0 -6 2 5 1
W -8 0 1 6 5 0
W 3 0 -8 2 5 1
W -7 0 -3 6 5 0
W 2 0 -1 3 5 1
W 2 0 -1 5 5 1
W 1 0 -6 3 5 1
W 5 0 2 4 5 0
W 1 0 -2 2 5 1
W 5 0 -8 5 5 1
W 6 0 4 2 5 0
W -7 0 3 2 5 0
W 7 0 -3 2 5 1
W -4 0 5 2 5 1
W 7 0 -7 5 5 0
W -3 0 1 5 5 0
W 5 0 4 5 5 1
W 4 0 6 2 5 1
W -1 0 4 3 5 1
W -3 0 -6 3 5 1
W -7 0 -5 4 5 0
W 2 0 1 4 5 0
W 6 0 6 3 5 1
R -7 0 0
R -3 0 -2
R 3 0 -5
R 1 0 4
R -3 0 7
R 6 0 0